7 cm:
660, 639, 638, 640, 644, 645, 639, 639, 639, 637, 637, 647, 638, 638, 639, 646, 677, 637, 639, 638, 640, 644, 678, 638, 638, 638, 638, 645, 644, 677, 638, 637, 639, 638

5 cm:
643, 681, 639, 640, 640, 638, 639, 651, 646, 642, 640, 639, 638, 639, 639, 654, 641, 639, 645, 639, 639, 640, 663, 640, 680, 641, 680, 638, 642, 639, 

3 cm:
461, 423, 407, 399, 400, 399, 414, 453, 508, 468, 471, 461, 502, 520, 523, 530, 520, 519, 529, 524, 526, 506, 521, 504, 505, 505, 509, 505

1 cm: 
439, 439, 438, 471, 439, 438, 453, 438, 471, 438, 447, 434, 432, 432, 427, 429, 416, 388, 389, 388, 419, 385, 381, 381, 381, 386, 410, 370, 377, 381, 381, 381, 381, 379, 381, 380, 383, 407, 396, 388, 370, 369, 344