13 cm:
[369, 362, 359, 362, 392, 366, 383, 378, 375, 399, 369, 370, 383, 369, 371, 377, 370, 371, 370, 372, 369, 370, 375, 401, 373, 371, 373, 369, 373, 377, 377, 377, 399, 382, 374]

17 cm:
308, 308, 304, 343, 306, 306, 305, 304, 304, 304, 311, 304, 335, 305, 306, 306, 304, 306, 304, 302, 300, 301, 300, 301, 335, 300, 304, 300, 301, 302, 301, 303, 316, 301, 302, 320, 301, 301, 311, 300, 308, 302, 323, 297, 297, 298, 332, 297, 297

20 cm:
262, 261, 265, 269, 263, 298, 263, 245, 257, 261, 257, 267, 262, 262, 272, 262, 261, 269, 261, 262, 299, 261, 262, 261, 261, 261, 257, 257, 263, 295, 260, 261, 261, 261, 263, 266, 279, 261, 268, 261, 264, 262, 263, 265, 271, 276, 256, 261, 261, 262, 261, 261, 261, 262

23 cm:
225, 241, 225, 225, 223, 229, 229, 230, 231, 229, 229, 247, 230, 225, 225, 225, 227, 224, 231, 231, 255, 238, 233, 237, 224, 231, 230, 233, 229, 229, 229, 236, 255, 229, 229, 229, 229, 230, 246, 230, 229, 229, 230, 231, 230, 243, 228, 229, 229

25 cm: 
223, 228, 213, 213, 217, 223, 200, 213, 221, 221, 222, 221, 221, 226, 253, 233, 204, 220, 221, 221, 225, 225, 229, 225, 221, 221, 221, 222, 221, 220, 220, 222, 221, 221, 222, 221, 217, 247, 226, 221, 219, 218, 218, 213, 213, 213, 213, 213, 221, 246, 216, 213, 214

28cm:
 192, 198, 180, 197, 209, 201, 201, 207, 203, 202, 202, 203, 233, 192, 197, 198, 197, 198, 198, 199, 199, 201, 203, 206, 198, 206, 205, 199, 199, 198, 197, 196, 194, 194, 194, 193, 194, 193, 193, 193, 194, 193, 197, 195, 193, 193, 193, 193, 194, 193, 193, 197

 30cm:
 189, 194, 193, 193, 190, 193, 172, 189, 189, 190, 189, 191, 193, 191, 218, 207, 201, 200, 190, 207, 215, 207, 207, 207, 222, 195, 189, 190, 189, 190, 189, 190, 189, 190, 190, 195, 191, 190, 189, 185, 186, 192, 186, 186, 186, 186, 185, 215, 187, 185, 186, 186, 193, 191, 194, 194, 200, 197, 194

 33cm: 
 187, 178, 175, 179, 176, 174, 179, 182, 187, 178, 178, 177, 179, 178, 178, 179, 181, 178, 188, 211, 191, 186, 184, 176, 152, 175, 180, 183, 191, 214, 189, 182, 184, 178, 181, 178, 177, 177, 178, 177, 160, 179, 177, 178, 178, 178, 177, 160, 187, 178, 177, 180, 178, 185, 185, 178, 177, 178, 178, 181, 178, 177, 177, 185

 35 cm:
 173, 165, 165, 166, 165, 164, 165, 165, 165, 165, 173, 167, 167, 165, 191, 173, 168, 144, 144, 144, 166, 164, 172, 175, 191, 175, 171, 165, 165, 160, 162, 162, 161, 160, 161, 160, 162, 161, 160, 172, 174, 172, 167, 165, 165, 166, 165, 165, 168, 175, 167, 165, 165, 165, 165, 160, 195, 169, 165

 38 cm:
 155, 154, 144, 156, 154, 155, 153, 149, 161, 153, 153, 181, 152, 152, 152, 159, 134, 148, 148, 153, 150, 149, 150, 181, 152, 144, 149, 148, 149, 150, 154, 148, 148, 149, 151, 144, 149, 144, 149, 148, 128, 152, 179, 150, 149, 145, 145, 148, 144, 144, 144, 128, 175, 151, 144, 144, 144, 145, 145, 155, 151, 148, 144, 149, 144, 150, 154

 40 cm:
 146, 149, 149, 144, 145, 159, 145, 146, 148, 144, 145, 146, 153, 144, 144, 145, 146, 146, 148, 153, 149, 128, 145, 147, 145, 144, 144, 145, 144, 141, 144, 141, 144, 140, 141, 140, 140, 144, 145, 145, 141, 128, 145, 155, 181, 151, 147, 148, 148, 147, 144, 149, 128, 175, 148, 149, 145, 144, 144, 146, 150, 146, 145, 147, 145, 145

 45 cm:
 132, 129, 132, 124, 133, 124, 133, 128, 132, 129, 128, 131, 128, 132, 133, 131, 128, 128, 125, 134, 128, 127, 128, 129, 129, 127, 155, 128, 128, 128, 124, 129, 128, 132, 128, 133, 129, 133, 130, 128, 129, 132, 133, 129, 133, 134, 125, 124, 128, 129, 124, 124, 129, 128, 132, 157, 124, 125, 129, 129, 132, 128

 50 cm:
 124, 121, 121, 121, 96, 124, 122, 104, 124, 116, 126, 120, 121, 120, 125, 123, 135, 120, 120, 120, 116, 116, 120, 121, 120, 121, 121, 117, 116, 113, 120, 117, 121, 117, 113, 116, 112, 116, 116, 112, 121, 96, 112, 151, 116, 112, 116, 117, 113, 117, 117, 119, 117, 117

 55 cm:
 90, 95, 91, 99, 98, 99, 99, 97, 97, 96, 108, 112, 112, 107, 104, 104, 104, 104, 103, 106, 103, 80, 105, 104, 107, 104, 134, 105, 105, 99, 100, 105, 96, 109, 106, 104, 102, 104, 105, 103, 127, 109, 111, 109, 108, 105, 108, 113, 108, 109, 96, 108, 109, 109, 108, 106, 108, 107, 104, 104, 104, 96,

 60 cm:
 96, 103, 94, 93, 95, 95, 72, 99, 95, 95, 96, 94, 95, 72, 100, 99, 127, 102, 96, 100, 95, 99, 99, 99, 94, 95, 95, 100, 101, 96, 99, 96, 95, 98, 96, 95, 103, 103, 95, 96, 102, 97, 72, 95, 99, 95, 95, 95, 96, 91, 93, 68, 100, 95, 99, 100, 104, 97, 99, 72, 95, 95, 101, 100, 127, 72, 95, 95

 65 cm:
91, 99, 87, 83, 91, 91, 91, 92, 95, 107, 95, 95, 90, 93, 95, 96, 96, 91, 91, 95, 91, 92, 91, 92, 66, 91, 91, 103, 91, 91, 94, 96, 95, 105, 99, 80, 95, 95, 94, 96, 132, 170, 136, 131, 127, 112, 116, 116, 128, 141, 127, 64, 91, 99, 99, 106, 108, 100, 96, 94, 99, 99, 100, 101, 95, 96, 

70 cm:
99, 90, 93, 88, 89, 91, 79, 109, 108, 108, 80, 104, 100, 74, 88, 91, 96, 95, 95, 125, 92, 87, 91, 91, 91, 87, 95, 87, 87, 95, 91, 91, 92, 115, 92, 90, 92, 91, 91, 90, 92, 111, 90, 91, 91, 91, 74, 94, 92, 93, 103, 91, 91, 96, 96, 103, 91

75 cm:
79, 82, 64, 77, 75, 77, 82, 71, 74, 71, 71, 71, 71, 71, 71, 76, 64, 71, 73, 71, 73, 70, 67, 67, 66, 71, 71, 66, 73, 70, 71, 71, 66, 80, 71, 66, 70, 72, 50, 66, 72, 71, 70, 71, 67, 93, 62, 67

80 cm:
76, 64, 76, 74, 83, 75, 95, 74, 95, 75, 79, 74, 77, 79, 77, 71, 75, 75, 70, 71, 64, 71, 73, 71, 71, 70, 64, 71, 72, 68, 71, 75, 75, 74, 71, 71, 75, 70, 70, 70, 71, 70, 70, 72, 77, 71, 71, 71, 99, 71, 71, 72, 74, 48, 71, 70, 79

90 cm:
76, 74, 66, 50, 77, 71, 67, 73, 67, 66, 73, 66, 64, 66, 66, 67, 66, 70, 67, 67, 67, 71, 63, 69, 63, 65, 63, 62, 66, 66, 94, 66, 63, 63, 63, 62, 63, 63, 56, 63, 65, 63, 63, 63, 62, 63, 64, 36, 62, 62, 67, 61, 66, 68, 65, 65, 67, 67, 67, 66, 66, 63, 71

100 cm:
70, 66, 64, 74, 60, 75, 62, 63, 63, 54, 58, 103, 55, 32, 10, 13, 55, 59, 68, 68, 62, 62, 66, 67, 60, 58, 54, 54, 51, 55, 55, 24, 54, 127, 62, 46, 57, 50, 51, 84, 50, 51, 55, 50, 50, 57, 50, 50, 56, 50, 50, 55, 55, 50, 54, 56
