speed 400 us (delay)
Number samples:
Anum = [7, 9, 8, 10, 10, 8, 8, 7, 10, 7, 8, 10, 9, 8, 11]
Bnum = [10, 11, 10, 11, 12, 12, 10, 11, 12, 11, 11, 12, 12, 11, 11]
Cnum = [10, 10, 9, 9, 10, 9, 12, 10, 11, 9, 10, 10, 10, 10, 9]
Real position (210, 95)
[243.41, 206.92, 213.06, 85.58, 398.65, 46.10, 396.60, 44.93, 396.82, 46.10, 210.84, 93.33, 210.84, 93.33, 213.03, 94.51, 213.10, 102.85, 209.32, 105.03, 200.00, 100.00, 200.45, 90.57, 206.12, 87.64, 214.21, 92.24, 214.67, 89.17, 213.94, 89.60, 203.11, 83.60, 401.03, 83.67, 399.42, 81.32, 405.79, 58.45, 212.57, 106.50, 214.07, 105.72, 214.07, 105.72, 214.01, 95.51, 216.10, 94.25, 213.82, 92.86, 213.74, 94.09, 215.70, 92.82, 217.94, 94.21, 217.80, 102.48, 211.51, 106.28, 205.96, 103.19, 205.95, 97.21, 208.19, 95.99, 205.32, 94.43, 205.18, 98.81, 207.04, 97.80, 209.55, 99.19, 210.49, 86.29, 210.10, 86.50, 210.10, 86.50, 209.02, 101.61, 211.14, 100.40, 213.93, 102.04, 405.83, 53.73, 403.39, 51.79, 403.28, 52.44, 212.76, 96.95, 214.33, 96.12, 217.13, 97.94, 217.30, 106.19, 213.91, 108.36, 205.04, 103.38, 205.17, 100.80, 187.22, 109.33, 190.91, 110.94, 191.47, 115.18, 212.13, 104.67, 213.55, 105.50, 316.01, 201.07, 316.37, 200.48, 285.79, 199.20, 290.40, 199.68, 290.85, 199.14, 313.10, 201.01, 213.06, 99.59, 212.36, 100.00, 209.38, 98.19, 392.26, 42.51, 384.68, 37.16, 384.63, 34.00, 208.31, 93.58, 214.22, 90.20, 203.40, 84.18, 202.03, 95.86, 193.51, 100.00, 203.60, 104.95, 203.48, 101.39, 189.55, 108.04, 190.23, 108.43, 190.04, 105.75, 214.31, 93.26, 205.84, 88.45, 206.15, 86.06, 204.93, 86.69, 207.89, 88.18, 207.76, 89.39, 210.07, 88.11, 212.39, 89.45, 212.27, 90.67, 214.67, 89.17, 216.58, 90.33, 216.21, 95.68, 213.44, 97.35]


speed 450 us (delay)
Number samples:
Anum = [9, 8, 10, 8, 11, 10, 9, 9, 8, 9, 10, 9, 10, 10]
Bnum = [13, 10, 12, 11, 11, 12, 13, 12, 12, 12, 11, 13, 12, 12]
Cnum = [10, 11, 10, 11, 10, 10, 10, 11, 10, 10, 11, 9, 11, 10]
Real position (210, 95)
[177.29, 202.92, 214.71, 88.76, 213.98, 96.33, 221.51, 91.63, 215.66, 87.91, 215.71, 88.93, 207.96, 93.39, 207.61, 93.19, 392.39, 45.41, 480.54, 154.53, 462.93, 162.67, 253.15, 55.14, 203.31, 89.12, 202.94, 88.93, 202.82, 90.12, 208.99, 86.75, 210.66, 87.69, 281.48, 196.32, 280.62, 197.16, 290.29, 198.64, 396.41, 49.82, 391.46, 45.97, 391.90, 37.86, 402.31, 55.79, 396.78, 51.15, 396.13, 55.64, 206.53, 106.99, 216.46, 101.23, 209.59, 97.18, 209.57, 97.99, 201.39, 102.36, 206.78, 105.19, 206.70, 96.80, 212.57, 93.50, 212.57, 93.50, 212.21, 97.77, 210.08, 98.99, 205.23, 96.42, 205.35, 94.03, 208.02, 92.58, 208.72, 92.97, 208.92, 90.56, 203.10, 93.67, 208.17, 96.39, 208.15, 97.19, 213.74, 94.09, 213.74, 94.09, 214.19, 88.78, 211.81, 90.07, 209.47, 88.74, 209.06, 93.17, 214.95, 89.77, 208.03, 85.78, 208.41, 83.37, 202.27, 86.59, 197.83, 84.40, 197.77, 84.79, 204.24, 81.58, 211.32, 85.45, 210.26, 99.60, 213.08, 97.96, 220.08, 102.29, 220.52, 90.20, 212.84, 94.92, 203.44, 89.71, 202.95, 103.16, 184.73, 111.55, 184.24, 111.35, 183.80, 106.42, 208.99, 94.37, 209.34, 94.57, 209.30, 95.37, 250.60, 65.63, 250.60, 65.63, 252.87, 58.86, 203.92, 92.86, 204.28, 93.06, 204.08, 97.42, 212.63, 92.69, 212.63, 92.69, 212.84, 90.25, 204.55, 94.84, 209.93, 97.78, 209.91, 98.59, 217.62, 94.01, 213.42, 91.45, 213.66, 89.00, 205.37, 93.63, 202.82, 92.29, 203.03, 89.92, 211.71, 85.23, 210.07, 84.30, 209.19, 91.56, 64.05, 118.53, 45.29, 112.95, 45.45, 114.65, 201.92, 94.28, 206.70, 96.80, 393.83, 49.11, 405.63, 59.14, 405.79, 58.45, 212.92, 89.43, 208.05, 92.18, 208.05, 92.18]


Speed: 500 us (delay)
Number samples: 
Anum = [9, 12, 11, 12, 10, 12, 11, 13, 11, 11, 12, 11, 12, 9, 11, 14, 13, 14, 10]
Bnum = [13, 13, 12, 14, 14, 12, 12, 14, 12, 11, 14, 13, 13, 13, 12, 14, 12, 14, 15]
Cnum = [12, 13, 11, 11, 10, 13, 12, 11, 12, 13, 12, 13, 12, 13, 13, 13, 12, 12, 13]
Real position: (210, 95)
[300.00, 255.84, 307.55, 196.01, 217.87, 95.45, 217.80, 102.48, 218.93, 101.87, 208.21, 95.59, 208.27, 94.38, 207.52, 94.80, 202.64, 92.10, 202.53, 93.68, 204.50, 92.65, 215.11, 98.77, 215.47, 91.39, 216.89, 90.53, 214.67, 89.17, 215.20, 85.07, 214.45, 85.52, 212.07, 84.00, 211.13, 94.34, 210.40, 94.75, 212.45, 95.94, 212.50, 94.72, 213.93, 93.88, 215.74, 94.87, 402.96, 46.06, 389.18, 36.74, 389.18, 36.74, 209.80, 104.03, 95.41, 130.39, 79.78, 125.32, 79.61, 122.76, 208.93, 95.58, 216.78, 100.21, 216.80, 101.85, 218.43, 100.83, 204.68, 92.85, 205.00, 89.27, 204.60, 89.48, 210.86, 92.93, 211.28, 88.48, 207.46, 90.60, 207.11, 90.41, 206.67, 98.00, 190.49, 105.95, 187.34, 104.57, 187.24, 101.14, 208.92, 90.56, 210.11, 91.13, 209.91, 98.59, 213.46, 96.54, 215.30, 97.54, 215.64, 93.64, 212.82, 95.32, 205.74, 91.23, 206.02, 90.24, 202.45, 92.10, 203.92, 92.86, 203.69, 97.62, 205.60, 96.61, 207.77, 97.80, 207.82, 96.19, 211.49, 94.13, 209.44, 92.96, 209.36, 91.55, 211.24, 90.49, 206.81, 88.02, 206.41, 92.02, 202.50, 94.07, 207.07, 96.60, 207.14, 95.00, 211.23, 92.72, 213.24, 93.89, 212.11, 95.74, 211.77, 95.54, 211.81, 94.73, 209.26, 96.18, 208.56, 95.78, 208.40, 95.18, 210.62, 93.94, 205.74, 91.23, 205.63, 95.82, 209.38, 93.76, 211.45, 94.94, 400.74, 51.15, 482.78, 155.95, 489.41, 152.76, 255.39, 63.44, 211.53, 96.96, 209.28, 95.77, 209.22, 102.62, 184.44, 114.58, 189.55, 116.84, 188.74, 111.08, 189.58, 110.72, 182.01, 107.53, 181.96, 109.60, 211.24, 95.55, 208.29, 93.98, 208.94, 87.15, 210.88, 86.07, 216.97, 89.71, 414.58, 68.97, 408.07, 62.63, 408.29, 63.29, 212.84, 94.92, 209.96, 96.57, 209.61, 96.37, 209.76, 106.45, 213.66, 104.28, 212.95, 103.87, 212.93, 96.95, 214.16, 96.12, 210.10, 93.75, 210.18, 92.54, 212.40, 91.27, 211.57, 90.68, 211.69, 89.47, 207.91, 91.58, 210.15, 92.94, 209.90, 100.20, 209.55, 100.40, 204.08, 97.42, 204.78, 87.89, 206.78, 86.83, 206.44, 86.64, 205.53, 94.03, 207.06, 93.20, 213.78, 97.14, 402.88, 49.20, 491.00, 155.98, 497.95, 152.69, 490.68, 166.46, 405.83, 53.73, 404.87, 58.45, 212.10, 90.67, 210.99, 91.31, 210.99, 91.31, 210.64, 97.78, 211.71, 97.16, 211.71, 97.16, 211.68, 101.62, 213.40, 100.61, 210.97, 99.19, 210.99, 97.98, 212.40, 97.16]


speed: 600 us (delay)
Number samples:
Anum = [13, 13, 13, 12, 13, 13, 15, 13, 12, 14, 13, 12, 12, 12, 14, 12]
Bnum = [15, 16, 16, 16, 16, 16, 16, 17, 15, 17, 16, 15, 16, 16, 15, 15]
Cnum = [17, 14, 13, 16, 14, 15, 15, 15, 15, 14, 16, 15, 15, 14, 15, 17]
Real pos(210, 95)
[209.58, 97.58, 208.85, 97.99, 212.36, 100.00, 212.43, 96.34, 207.56, 99.20, 203.33, 97.03, 203.62, 91.88, 209.47, 88.74, 210.65, 89.30, 224.66, 152.15, 221.02, 154.37, 226.35, 156.93, 209.06, 90.95, 210.19, 90.32, 207.97, 89.18, 207.46, 96.00, 211.15, 93.93, 212.50, 94.72, 212.73, 91.47, 207.34, 94.60, 203.55, 92.67, 203.62, 91.88, 204.80, 91.26, 215.48, 97.33, 215.62, 94.05, 218.39, 92.34, 211.32, 88.07, 210.89, 92.52, 206.21, 95.21, 211.16, 97.98, 211.24, 95.55, 253.03, 64.33, 251.77, 63.10, 253.83, 57.27, 210.57, 88.50, 213.05, 89.83, 213.05, 89.83, 212.31, 90.26, 208.63, 88.16, 208.14, 93.38, 254.77, 59.39, 256.36, 61.11, 257.03, 59.10, 209.68, 94.76, 209.17, 94.37, 209.60, 89.13, 209.04, 89.35, 210.39, 90.12, 210.43, 89.71, 211.56, 89.07, 209.56, 87.93, 208.97, 94.77, 208.22, 95.19, 211.71, 97.16, 211.72, 96.76, 214.90, 94.88, 210.89, 92.52, 211.23, 88.88, 212.15, 88.44, 213.78, 89.40, 230.28, 156.17, 227.06, 158.13, 229.21, 159.18, 209.94, 97.38, 209.58, 97.58, 206.73, 96.01, 206.66, 98.40, 210.33, 96.37, 206.09, 94.02, 206.33, 90.83, 207.50, 90.20, 205.40, 89.06, 205.44, 88.66, 200.18, 91.36, 205.71, 94.22, 205.55, 99.00, 256.19, 61.61, 256.19, 61.61, 260.36, 50.51, 205.63, 90.45, 205.46, 90.25, 205.12, 94.63, 185.74, 103.80, 187.57, 104.58, 213.24, 167.28, 228.05, 158.85, 230.20, 159.89, 210.45, 98.38, 209.91, 98.59, 205.25, 96.02, 205.52, 91.64, 205.13, 91.85, 206.55, 92.61, 206.43, 94.61, 209.81, 92.75, 211.17, 93.53, 211.65, 88.26, 185.68, 101.14, 189.71, 102.87, 189.71, 102.87, 254.25, 60.21, 253.74, 59.70, 253.74, 59.70, 210.28, 91.33, 207.54, 89.80, 207.06, 97.00, 182.56, 108.48, 184.49, 109.27, 184.08, 102.08, 205.10, 92.25, 206.53, 93.01, 206.28, 99.80, 210.46, 97.58, 213.23, 99.19, 213.23, 98.78, 214.10, 98.16, 210.34, 95.96, 210.95, 88.28, 208.06, 89.98, 207.72, 89.79, 207.80, 88.98, 206.45, 89.63, 208.54, 90.77, 208.40, 92.38, 211.40, 90.69, 205.58, 87.47, 205.35, 89.46, 204.95, 89.67, 208.12, 91.38, 208.15, 90.98]

speed 650 us (delay)
Number samples:
Anum = [15, 14, 14, 14, 14, 14, 14, 14, 14, 14, 14, 14, 15, 14, 15, 16, 12, 15, 14]
Bnum = [17, 17, 17, 17, 18, 16, 17, 17, 17, 17, 17, 17, 16, 17, 17, 18, 17, 19]
Cnum = [13, 14, 16, 16, 14, 15, 14, 15, 15, 13, 15, 15, 15, 17, 16, 15, 15, 17, 15]
Real pos(210, 95)
[211.75, 95.95, 213.53, 94.91, 211.51, 93.72, 211.70, 91.29, 206.07, 94.42, 203.89, 93.26, 203.89, 93.26, 204.28, 93.06, 209.10, 95.57, 209.27, 92.76, 212.80, 90.65, 215.73, 92.41, 407.03, 52.37, 388.80, 39.56, 388.69, 48.20, 203.12, 89.13, 205.53, 87.86, 212.03, 91.48, 402.93, 54.42, 398.11, 50.49, 397.56, 54.33, 208.01, 88.78, 208.40, 88.57, 211.10, 90.09, 211.65, 85.64, 207.76, 87.79, 207.42, 87.60, 207.23, 89.21, 209.17, 88.14, 205.74, 86.27, 205.10, 90.06, 202.71, 91.30, 207.74, 93.99, 208.39, 87.17, 206.63, 88.03, 214.70, 92.64, 214.67, 93.05, 211.45, 94.94, 210.42, 94.35, 210.42, 94.35, 208.58, 95.38, 210.33, 96.37, 210.90, 88.69, 206.87, 91.01, 207.91, 91.58, 208.60, 86.96, 210.55, 85.88, 211.86, 86.64, 211.61, 88.67, 207.42, 91.00, 203.88, 89.10, 203.55, 92.67, 207.64, 90.59, 210.73, 92.32, 210.44, 100.81, 5.85, -267.76, 62.55, -327.11, -37.64, -371.61, 205.93, 86.26, 207.13, 87.02, 206.89, 89.02, 205.10, 90.06, 209.98, 92.74, 211.53, 81.01, 202.57, 85.78, 207.67, 88.59, 207.72, 88.19, 207.72, 88.19, 205.64, 87.07, 206.38, 82.27, 206.38, 82.27, 214.28, 86.74, 215.13, 81.42, 210.86, 83.86, 209.21, 82.94, 208.55, 87.36, 212.80, 84.98, 210.53, 83.68, 210.16, 86.10, 208.60, 86.96, 211.28, 88.48, 211.83, 84.42, 210.27, 85.29, 204.51, 82.16, 204.24, 83.75, 199.79, 86.08, 204.87, 88.67, 205.53, 83.89, 201.37, 86.02, 202.46, 86.58, 202.22, 88.55, 202.43, 88.36, 202.07, 88.17, 202.27, 86.59, 184.66, 94.70, 186.44, 95.44, 186.48, 94.68, 201.95, 87.58, 206.94, 90.21, 206.51, 97.00, 210.76, 94.54, 204.80, 91.26, 205.00, 89.27, 203.40, 90.11, 254.48, 127.93, 253.94, 125.42, 255.11, 124.21, 207.94, 87.78, 207.88, 89.99, 210.57, 88.50, 210.23, 88.31, 210.33, 86.09, 206.42, 88.23, 202.33, 86.19, 202.38, 85.80, 202.38, 85.80, 207.32, 88.40, 394.57, 50.39, 399.33, 54.38, 399.73, 51.79, 211.17, 85.25, 211.38, 85.04, 209.41, 83.93, 208.63, 88.16, 210.56, 87.09, 212.20, 88.04, 212.46, 87.42, 212.08, 87.64, 210.10, 86.50, 210.46, 84.08, 208.49, 85.17, 201.53, 81.51, 200.33, 89.79, 262.82, 45.57, 233.73, 21.64, 365.54, 27.68, 385.55, 40.46, 385.53, 33.50, 210.34, 84.89, 207.97, 86.19, 214.11, 89.59, 213.66, 104.28, 260.07, 66.24, 252.76, 58.88, 259.05, 44.75, 198.15, 84.97, 209.94, 91.13, 211.13, 82.24, 177.19, 98.14, 185.23, 101.33, 185.45, 101.52, 207.81, 90.79, 207.11, 90.41, 206.71, 93.01, 209.56, 91.35, 210.58, 91.92, 211.04, 87.48]


Speed 700 us (delay)
Number samples
Anum = [15, 17, 16, 15, 16, 15, 16, 15, 16, 14, 15, 16, 15, 15, 15, 14, 16, 17, 14]
Bnum = [18, 19, 19, 20, 18, 18, 18, 19, 20, 20, 18, 18, 18, 20, 18, 18, 18, 19, 19]
Cnum = [16, 15, 16, 16, 16, 17, 17, 15, 17, 16, 17, 17, 17, 15, 19, 14, 18, 16, 18]
Real pos(210, 95)
[204.70, 92.45, 201.94, 93.89, 206.17, 96.01, 206.16, 96.41, 212.99, 92.48, 212.66, 92.28, 212.84, 90.25, 211.73, 90.89, 208.19, 88.77, 208.36, 88.97, 205.63, 90.45, 211.01, 93.33, 210.99, 97.98, 215.55, 95.28, 215.22, 95.08, 215.22, 95.08, 216.27, 94.45, 212.66, 92.28, 212.80, 90.65, 209.84, 92.34, 209.33, 91.95, 398.28, 53.11, 393.48, 49.16, 394.01, 47.27, 207.82, 96.19, 214.37, 92.44, 214.04, 92.25, 214.29, 87.96, 211.52, 89.48, 212.84, 90.25, 212.47, 92.49, 209.90, 93.95, 207.82, 92.79, 207.85, 95.39, 212.63, 92.69, 210.28, 91.33, 210.66, 87.69, 212.18, 86.83, 213.00, 87.20, 212.72, 89.64, 210.11, 91.13, 209.43, 90.74, 209.44, 92.96, 206.81, 94.41, 201.34, 91.54, 201.52, 89.56, 202.75, 88.94, 210.15, 92.94, 210.01, 95.36, 212.91, 93.70, 210.55, 92.33, 210.40, 94.75, 205.95, 97.21, 207.40, 98.00, 207.46, 96.00, 210.42, 94.35, 209.38, 93.76, 209.68, 90.14, 212.68, 88.43, 208.37, 85.97, 207.93, 89.58, 182.68, 101.51, 192.18, 105.58, 191.99, 105.78, 215.13, 93.65, 209.98, 90.73, 210.14, 89.12, 210.90, 88.69, 212.22, 89.45, 212.03, 91.48, 209.44, 92.96, 205.77, 90.84, 205.77, 90.84, 208.87, 89.15, 209.89, 89.72, 209.73, 93.96, 210.47, 93.54, 209.78, 93.15, 210.33, 87.50, 209.95, 87.72, 210.61, 88.09, 210.15, 92.94, 209.78, 93.15, 213.51, 95.31, 213.49, 95.72, 216.64, 93.83, 213.06, 91.66, 410.78, 70.45, 409.41, 69.00, 410.88, 63.98, 214.49, 96.32, 213.80, 96.74, 210.40, 94.75, 210.69, 90.71, 211.98, 90.07, 210.81, 89.50, 210.73, 90.31, 212.22, 89.45, 214.51, 90.81, 214.34, 92.85, 213.63, 93.27, 209.94, 91.13, 210.06, 89.92, 206.23, 92.02, 205.52, 91.64, 205.26, 95.62, 82.64, 121.87, 85.36, 122.68, 85.41, 122.95, -77.47, -236.03, -88.08, -193.41, -110.43, -185.13, 217.84, 89.26, 218.46, 89.65, 218.24, 92.14, 212.63, 95.53, 207.12, 92.40, 207.02, 101.00, 209.55, 99.60, 209.37, 99.40, 209.98, 88.92, 210.95, 88.28, 211.94, 88.86, 211.94, 88.86, 208.92, 90.56, 208.57, 90.37, 208.57, 90.37, 211.61, 88.67, 211.28, 88.48, 211.03, 89.09, 212.53, 88.23, 211.55, 87.65, 225.92, 153.08, 210.14, 161.95, 209.93, 161.89, 188.82, 107.07, 207.03, 98.20, 208.29, 98.80, 208.75, 92.57, 213.57, 89.82, 214.54, 90.40, 214.01, 95.51, 213.66, 95.72, 211.30, 94.33, 211.63, 92.10, 190.35, 102.88, 187.48, 101.53, 187.47, 100.00, 211.70, 87.85, 214.63, 89.58, 214.47, 91.22, 213.02, 92.07, 212.69, 91.87, 212.64, 90.45, 208.55, 92.77, 207.85, 92.39, 207.76, 98.60, 253.90, 64.54, 252.83, 63.48, 251.26, 68.86, 211.33, 98.58, 212.71, 99.39, 213.17, 90.44, 213.53, 90.22, 208.89, 87.55, 208.89, 87.55, 208.11, 87.98, 211.98, 90.07]
