Pulsewidth

10 cm:

726.00
720.00
721.00
726.00
721.00
721.00
725.00
721.00
721.00
720.00
721.00
721.00
721.00
726.00
721.00
721.00
726.00
721.00
721.00
724.00
721.00
720.00
720.00
721.00
721.00
721.00
726.00
721.00
721.00
726.00
721.00
721.00
721.00
721.00
721.00
721.00
726.00
721.00
720.00
726.00
721.00
721.00
721.00
721.00
721.00
721.00
725.00
721.00
721.00
726.00
721.00
720.00
720.00
720.00
721.00
721.00
721.00
720.00
720.00
726.00
720.00
721.00
726.00
721.00
721.00
721.00
720.00
721.00
720.00
721.00
720.00
720.00
726.00
721.00
721.00
726.00
720.00
721.00
726.00
721.00
720.00
721.00
721.00
721.00
721.00
724.00
721.00
721.00
725.00
721.00
721.00
724.00
721.00
721.00
721.00
721.00
721.00
721.00
726.00
720.00
720.00
725.00

15 cm:
3151.00
3151.00
3286.00
3151.00
20657.00
5966.00
6091.00
6091.00
3157.00
3151.00
3279.00
3284.00
3279.00
21293.00
5709.00
5710.00
3536.00
5073.00
4174.00
5068.00
1999.00
21295.00
5579.00
990.00
990.00
991.00
991.00
21166.00
2770.00
4811.00
20657.00
21158.00
5194.00
21166.00
21158.00
21157.00
21163.00
21157.00
21157.00
21157.00
20647.00
3149.00
3022.00
1196.00
1195.00
1190.00
1195.00
1195.00
3151.00
20528.00
20520.00
1190.00
1195.00
1195.00
1190.00
1195.00
1196.00
1190.00
1196.00
1195.00
990.00
990.00
991.00
991.00
991.00
990.00
991.00
989.00
991.00
991.00
986.00
990.00
991.00
991.00
991.00
990.00
991.00
991.00
991.00
991.00
988.00
991.00
991.00
985.00
991.00
990.00
990.00
991.00
990.00
1190.00
1195.00
1195.00
1191.00
1196.00
2005.00
2005.00
5577.00
21165.00
3021.00
986.00
991.00
1196.00
1195.00
1195.00
1190.00
990.00
990.00
986.00
1195.00
1195.00
1190.00
1196.00
991.00
991.00
991.00
991.00
991.00
991.00
1190.00
986.00
991.00
1190.00
1195.00
991.00
991.00
991.00
985.00
991.00
1195.00
1191.00
1195.00
1196.00
1190.00
1195.00
1196.00
1190.00
1190.00
1196.00
1195.00
1190.00
1195.00
1196.00
1190.00
1195.00
991.00
1195.00
1195.00
1195.00
1190.00
1195.00
1196.00
1190.00
1196.00
1196.00
1190.00
1196.00
991.00
986.00
991.00
990.00
990.00
1196.00
1195.00
1190.00
1195.00
1196.00
1190.00
1190.00
1195.00
990.00
991.00
991.00
985.00
990.00
990.00
985.00
991.00
990.00
990.00
990.00
991.00
991.00
991.00
990.00
990.00
1190.00
1195.00
1195.00
1190.00
1195.00
1195.00
1190.00
1195.00
1196.00
1190.00
1190.00
1196.00
1195.00
1191.00



20 cm:
1062.00
1066.00
939.00
939.00
939.00
938.00
939.00
938.00
939.00
939.00
939.00
939.00
939.00
939.00
939.00
938.00
934.00
939.00
939.00
939.00
939.00
939.00
938.00
938.00
939.00
939.00
939.00
939.00
938.00
938.00
938.00
939.00
938.00
938.00
939.00
932.00
939.00
939.00
939.00
939.00
938.00
939.00
939.00
938.00
939.00
939.00
939.00
939.00
939.00
939.00
938.00
938.00
939.00
939.00
939.00
938.00
938.00
932.00
938.00
939.00
938.00
939.00
1066.00
1061.00
1068.00
1066.00
1066.00
1068.00
1066.00
1066.00
1068.00
1068.00
1066.00
1062.00
1066.00
1066.00
1062.00
1068.00
1068.00
1062.00
1068.00
1068.00
1068.00
1068.00
1068.00
1066.00
1068.00
1066.00
1066.00
1061.00
1068.00
1068.00
1062.00
1066.00
1066.00
1062.00
1066.00
1066.00
1066.00
1068.00
1068.00
1068.00
1066.00
1068.00
1068.00
1068.00
1068.00
1066.00
1061.00
1068.00
1066.00
1062.00
1066.00
1066.00
1061.00
1066.00
1068.00
1062.00
1068.00
1068.00
1068.00
1068.00
1066.00
1066.00
1068.00
1066.00
1066.00
1068.00
1066.00
1066.00
1068.00
1068.00
1068.00
1061.00
1066.00
1066.00
1062.00
1066.00
1066.00
1061.00
1066.00
1068.00
1062.00
1066.00
1068.00
1068.00
1066.00
1068.00
1068.00
1068.00
1068.00


25 cm:
1376.00
1372.00
1377.00
1377.00
1371.00
1377.00
1377.00
1371.00
1371.00
1376.00
1372.00
1371.00
1377.00
1371.00
1371.00
1377.00
1372.00
1371.00
1377.00
1372.00
1372.00
1377.00
1376.00
1371.00
1376.00
1377.00
1371.00
1371.00
1377.00
1371.00
1372.00
1376.00
1371.00
1372.00
1377.00
1371.00
1371.00
1376.00
1372.00
1371.00
1376.00
1375.00
1372.00
1377.00
1376.00
1371.00
1376.00
1377.00
1371.00
1377.00
1376.00
1371.00
1371.00
1377.00
1372.00
1372.00
1376.00
1371.00
1372.00
1376.00
1372.00
1371.00
1377.00
1375.00
1371.00
1377.00
1377.00
1372.00
1377.00
1377.00
1371.00
1377.00
1377.00
1372.00
1376.00
1377.00
1371.00
1371.00
1377.00
1372.00
1371.00
1377.00
1371.00
1372.00
1377.00
1371.00
1372.00
1377.00
1377.00
1371.00
1376.00
1377.00
1371.00
1377.00
1377.00
1371.00
1371.00
1376.00
1371.00
1371.00
1377.00
1371.00
1371.00
1377.00
1371.00
1371.00
1376.00
1376.00
1371.00
1376.00
1376.00
1371.00
1371.00
1376.00
1371.00
1371.00
1376.00
1371.00
1371.00
1377.00
1372.00
1372.00
1376.00
1376.00
1371.00
1377.00
1376.00
1371.00
1372.00
1377.00
1371.00
1371.00
1376.00
1372.00
1372.00
1377.00
1372.00
1372.00
1376.00
1376.00
1371.00
1376.00
1377.00



30 cm:
1628.00
1628.00
1633.00
1628.00
1628.00
1633.00
1628.00
1628.00
1628.00
1628.00
1629.00
1628.00
1629.00
1629.00
1628.00
1635.00
1628.00
1628.00
1633.00
1628.00
1628.00
1633.00
1628.00
1628.00
1628.00
1628.00
1628.00
1629.00
1628.00
1628.00
1629.00
1628.00
1628.00
1628.00
1633.00
1628.00
1628.00
1633.00
1628.00
1628.00
1635.00
1628.00
1628.00
1628.00
1628.00
1629.00
1628.00
1628.00
1628.00
1628.00
1628.00
1628.00
1628.00
1635.00
1628.00
1629.00
1633.00
1628.00
1629.00
1633.00
1628.00
1628.00
1628.00
1628.00
1628.00
1628.00
1628.00
1628.00
1628.00
1633.00
1628.00
1628.00
1633.00
1628.00
1628.00
1631.00
1628.00
1628.00
1628.00
1629.00
1629.00
1628.00
1628.00
1628.00
1628.00
1633.00
1628.00
1628.00
1633.00
1629.00
1628.00
1633.00
1628.00
1628.00
1629.00
1628.00
1628.00
1628.00
1628.00
1628.00
1628.00
1628.00
1629.00
1628.00
1633.00
1628.00
1628.00
1633.00
1628.00
1629.00
1633.00
1628.00
1628.00
1628.00
1628.00


35 cm:
1876.00
1876.00
1876.00
1876.00
1876.00
1876.00
1876.00
1877.00
1876.00
1877.00
1877.00
1877.00
1876.00
1876.00
1876.00
1876.00
1876.00
1876.00
1872.00
1876.00
1876.00
1877.00
1876.00
1876.00
1876.00
1877.00
1876.00
1876.00
1877.00
1876.00
1876.00
1876.00
1876.00
1876.00
1876.00
1876.00
1876.00
1871.00
1876.00
1876.00
1876.00
1876.00
1877.00
1876.00
1876.00
1876.00
1876.00
1871.00
1876.00
1876.00
1871.00
1876.00
1876.00
1876.00
1877.00
1876.00
1876.00
1876.00
1876.00
1876.00
1875.00
1876.00
1876.00
1871.00
1876.00
1876.00
1876.00
1876.00
1876.00
1877.00
1876.00
1876.00
1876.00
1876.00
1876.00
1876.00
1871.00
1877.00
1876.00
1873.00
1876.00
1876.00
1876.00
1876.00
1876.00
1876.00
1876.00
1876.00
1876.00
1877.00
1876.00
1877.00
1871.00
1876.00
1876.00
1871.00
1876.00
1876.00
1876.00
1876.00
1877.00
1876.00
1876.00
1876.00
1876.00
1877.00
1876.00
1877.00
1871.00
1876.00
1876.00
1876.00
1876.00
1876.00
1876.00
1876.00
1876.00
1876.00
1876.00
1876.00
1876.00
1871.00
1876.00
1876.00
1876.00
1876.00
1876.00
1876.00
1876.00
1876.00
1876.00
1871.00
1876.00
1876.00
1876.00
1876.00
1876.00
1876.00
1876.00
1876.00
1876.00
1876.00
1876.00
1876.00
1871.00
1876.00
1876.00
1876.00
1876.00
1877.00
1876.00
1877.00
1876.00
1877.00
1871.00

40 cm:
1999.00
2005.00
2005.00
1999.00
2005.00
2005.00
1999.00
2005.00
2005.00
2005.00
2005.00
2005.00
2006.00
2001.00
2005.00
2005.00
1999.00
2005.00
2005.00
1999.00
2005.00
2006.00
1999.00
2006.00
2006.00
2005.00
2005.00
2005.00
2005.00
1999.00
2005.00
2005.00
1999.00
2005.00
2005.00
1999.00
2005.00
2005.00
2001.00
2006.00
2005.00
2005.00
2002.00
2005.00
2006.00
1999.00
2005.00
2005.00
1999.00
2005.00
2005.00
1999.00
2005.00
2005.00
2005.00
2005.00
2005.00
2006.00
1999.00
2005.00
2005.00
2001.00
2005.00
2005.00
1999.00
2005.00
2005.00
2001.00
2006.00
2005.00
2005.00
2002.00
2006.00
2005.00
1999.00
2005.00
2005.00
1999.00
2005.00
2005.00
1999.00
2006.00
2005.00
2005.00
2005.00
2006.00
2006.00
1999.00
2006.00
2006.00
1999.00
2005.00
2005.00
1999.00
2005.00
2006.00
1999.00
2006.00
2005.00
1999.00
2005.00
2005.00
2005.00
2005.00
2005.00
2005.00
1999.00
2005.00
2005.00
1999.00
2005.00
2005.00
1999.00
2005.00
2005.00
1999.00
2005.00
2005.00
2006.00
2005.00
2006.00
2005.00
1999.00
2005.00
2005.00
1999.00
2005.00
2005.00
1999.00
2005.00
2005.00
1999.00
2005.00
2005.00
2005.00
2005.00
2005.00
2005.00
1999.00
2005.00
2005.00
1999.00
2005.00
2133.00
2128.00
2133.00
2133.00
1999.00
2005.00
2006.00
2005.00
1999.00
2005.00
2005.00
1999.00
2006.00
2005.00
1999.00
2005.00
2005.00
1999.00
2005.00
2006.00
1999.00
2005.00
2005.00
1999.00
2005.00
2005.00
1999.00
2005.00
2005.00
2006.00
2005.00
2133.00
2128.00
1999.00
2005.00
2005.00
2128.00
2135.00
2133.00
2128.00
2005.00
2133.00
2128.00
2133.00
2133.00
2005.00
2128.00
2005.00
2005.00
1999.00
2005.00
2005.00
1999.00
2005.00
2005.00
1999.00
2005.00
2006.00
1999.00
2005.00
2133.00
2128.00
2005.00
2005.00
2005.00
1999.00
2133.00
2133.00
2128.00
2005.00
2005.00
1999.00
2006.00
2005.00
2005.00
2005.00
2005.00
2005.00
1999.00
2005.00
2005.00
1999.00
2005.00
2006.00
1999.00
2005.00
2005.00
2005.00
2133.00
2005.00
2128.00
1999.00
2005.00
2005.00
1999.00
2133.00
2133.00
2128.00
2133.00
2133.00
2005.00
2128.00
2005.00
2133.00
2128.00
2133.00
2133.00
2128.00
2133.00
2133.00
2128.00
2128.00
2133.00
2133.00
2127.00
2133.00
2133.00
2128.00
2133.00
2133.00
2128.00
2133.00
2133.00
2128.00
2128.00
2133.00
2133.00
2128.00


45 cm:
2262.00
2257.00
2257.00
2262.00
2257.00
2257.00
2262.00
2257.00
2257.00
2262.00
2261.00
2257.00
2262.00
2262.00
2257.00
2262.00
2262.00
2257.00
2257.00
2262.00
2135.00
2128.00
2133.00
2257.00
2128.00
2262.00
2133.00
2257.00
2262.00
2262.00
2128.00
2257.00
2263.00
2257.00
2257.00
2262.00
2257.00
2257.00
2262.00
2257.00
2257.00
2262.00
2262.00
2257.00
2262.00
2262.00
2257.00
2257.00
2263.00
2257.00
2257.00
2262.00
2257.00
2257.00
2262.00
2262.00
2257.00
2263.00
2262.00
2258.00
2257.00
2262.00
2257.00
2257.00
2262.00
2257.00
2257.00
2262.00
2262.00
2257.00
2262.00
2262.00
2257.00
2262.00
2262.00
2257.00
2257.00
2262.00
2257.00
2257.00
2262.00
2257.00
2257.00
2262.00
2262.00
2257.00
2262.00
2262.00
2257.00
2262.00
2262.00
2257.00
2257.00
2262.00
2257.00
2257.00
2262.00
2257.00
2257.00
2262.00
2262.00
2257.00
2262.00
2262.00
2257.00
2262.00
2262.00
2257.00
2257.00
2262.00
2257.00
2257.00
2262.00
2257.00
2257.00
2262.00
2262.00
2257.00
2262.00
2262.00
2257.00
2257.00
2262.00
2257.00
2257.00
2262.00
2257.00
2385.00
2391.00
2385.00
2385.00
2391.00
2262.00
2257.00
2257.00
2262.00
2257.00
2257.00
2262.00
2257.00
2257.00
2262.00
2262.00
2257.00
2262.00
2262.00
2257.00
2257.00
2262.00
2257.00
2257.00
2262.00
2258.00
2257.00
2262.00
2262.00
2257.00
2257.00
2262.00
2257.00
2257.00
2262.00
2257.00
2257.00
2262.00
2262.00
2257.00
2262.00
2262.00
2257.00
2257.00
2262.00
2385.00
2385.00
2262.00
2385.00
2385.00
2391.00
2385.00
2385.00
2391.00
2385.00
2257.00
2262.00
2262.00
2257.00
2385.00
2391.00
2385.00
2385.00
2391.00
2385.00
2257.00
2391.00
2385.00
2385.00
2262.00
2262.00
2257.00
2257.00
2262.00
2257.00
2257.00
2263.00
2385.00
2385.00
2391.00
2385.00
2385.00
2391.00
2385.00
2385.00
2385.00
2262.00
2257.00
2257.00
2262.00
2257.00
2257.00
2262.00
2262.00
2257.00
2262.00
2262.00
2257.00
2259.00
2262.00
2257.00
2257.00
2262.00
2257.00
2257.00
2262.00
2257.00
2257.00
2262.00
2257.00
2257.00
2261.00



50 cm:
2006.00
1999.00
2006.00
2006.00
2006.00
2006.00
2005.00
2006.00
2006.00
2006.00
2006.00
2001.00
2005.00
2006.00
1999.00
2005.00
2005.00
1999.00
2005.00
2005.00
1999.00
2005.00
2005.00
2005.00
2005.00
2006.00
2006.00
1999.00
2005.00
2005.00
2001.00
2005.00
2005.00
1999.00
2005.00
2005.00
1999.00
2006.00
2005.00
1999.00
2006.00
2005.00
2005.00
2005.00
2005.00
2005.00
1999.00
2005.00
2005.00
2001.00
2005.00
2005.00
1999.00
2005.00
2005.00
1999.00
2006.00
2005.00
1999.00
2005.00
2005.00
2006.00
2006.00
2005.00
2005.00
1999.00
2005.00
2005.00
1999.00
2005.00
2005.00
2001.00
2005.00
2005.00
1999.00
2005.00
2005.00
2005.00
2006.00
2006.00
2006.00
1999.00
2006.00
2005.00
1999.00
2005.00
2005.00
1999.00
2005.00
2005.00
1999.00
2005.00
2005.00
2001.00
2005.00
2005.00
2005.00
2005.00
2005.00
2005.00
1999.00
2006.00
2006.00
1999.00
2005.00
2006.00
1999.00
2005.00
2005.00
1999.00
2005.00
2005.00
1999.00
2005.00
2006.00
1999.00
2006.00
2005.00
2005.00
2005.00
2005.00
2005.00
1999.00
2005.00
2005.00
1999.00
2005.00
2005.00
2001.00
2006.00
2005.00
2005.00
2006.00
2005.00
2005.00
1999.00
2005.00
2005.00
1999.00
2005.00
2005.00
1999.00
2005.00
2006.00
1999.00
2005.00
2005.00
2005.00
2005.00
2005.00
2005.00
1999.00
2005.00
2005.00
2001.00
2005.00
2006.00
1999.00
2006.00
2005.00
2005.00
2005.00
2005.00



55 cm:
2899.00
2893.00
2899.00
2133.00
2128.00
2133.00
2133.00
2128.00
2133.00
2133.00
2128.00
2128.00
2262.00
2899.00
2893.00
2900.00
2900.00
2893.00
2899.00
2133.00
2128.00
2765.00
2899.00
2899.00
2893.00
2899.00
2899.00
2893.00
2899.00
2900.00
2895.00
2899.00
2899.00
2900.00
2133.00
2899.00
2900.00
2893.00
2900.00
2899.00
2893.00
2899.00
2900.00
2893.00
2899.00
2899.00
2899.00
2899.00
2900.00
2899.00
2895.00
2900.00
2899.00
2893.00
2899.00
2899.00
2128.00
2133.00
2133.00
2127.00
2127.00
2133.00
2133.00
2128.00
2133.00
2133.00
2128.00
2133.00
2133.00
2128.00
2133.00
2133.00
2129.00
2893.00
2133.00
2133.00
2128.00
2133.00
2133.00
2127.00
2133.00
2133.00
2128.00
2128.00
2133.00
2133.00
2128.00
2133.00
2133.00
2128.00
2899.00
2899.00
2899.00
2128.00
2133.00
2133.00
2128.00
2133.00
2900.00
2895.00
2899.00
2899.00
2899.00
2900.00
2899.00
2899.00
2893.00
2899.00
2900.00
2895.00
2900.00
2899.00
2895.00
2899.00
2899.00
2893.00
3027.00
3028.00
2899.00
3022.00
2900.00
2900.00
2893.00
2391.00
2385.00
2385.00
2391.00
2385.00
2899.00
2899.00
2899.00
2899.00
2893.00
2899.00
2899.00
2893.00
2899.00
2899.00
2893.00
2899.00
2899.00
2900.00
2900.00
2899.00
2899.00
2893.00
2900.00
2899.00
2895.00
2900.00
2899.00
2893.00
2899.00
2899.00
2895.00
2900.00
2899.00
2900.00
2893.00
2899.00
2900.00
2128.00
2133.00
2900.00
2128.00
2900.00
2899.00
2899.00
2893.00
2899.00
2899.00
2893.00
2899.00
2133.00
2128.00
2133.00
2133.00
2128.00
2133.00
2133.00
2128.00
2128.00
2133.00
2133.00
2128.00
2133.00
2133.00
2128.00
2133.00
2133.00
2128.00
2128.00
2133.00
2133.00
2127.00
2133.00



60 cm:
3157.00
3152.00
3152.00
3157.00
3151.00
1999.00
3156.00
3152.00
2001.00
2005.00
2006.00
3152.00
3156.00
3156.00
3151.00
3156.00
3156.00
3151.00
3152.00
3156.00
3151.00
3151.00
3156.00
3152.00
3151.00
3156.00
3156.00
3151.00
3284.00
3279.00
3279.00
3284.00
3279.00
3279.00
3279.00
3284.00
3280.00
3279.00
3284.00
3279.00
3280.00
3284.00
3279.00
2128.00
3284.00
3279.00
3279.00
3156.00
3156.00
3151.00
3151.00
3157.00
3151.00
3151.00
3157.00
3152.00
3279.00
3284.00
3280.00
3279.00
3286.00
3280.00
3279.00
3279.00
3286.00
3280.00
3280.00
3286.00
3279.00
3151.00
3156.00
3152.00
3152.00
3156.00
3156.00
3151.00
